0 0.227431 0.234863 0.083333 0.048828
0 0.240017 0.305176 0.073785 0.039062
0 0.233073 0.362549 0.078993 0.043457
0 0.222656 0.426270 0.077257 0.041016
0 0.233941 0.476807 0.073785 0.031738
0 0.228299 0.544189 0.088542 0.039551
0 0.226997 0.593018 0.073785 0.030762
0 0.229601 0.654541 0.091146 0.056152
0 0.755208 0.239502 0.085069 0.058105
0 0.756076 0.305176 0.086806 0.049805
0 0.764323 0.363770 0.096354 0.051758
0 0.745660 0.427246 0.088542 0.047852
0 0.756944 0.469482 0.088542 0.042480
0 0.751302 0.533691 0.077257 0.047852
0 0.754340 0.595703 0.086806 0.050781
0 0.756944 0.656006 0.085069 0.044434
