0 0.292725 0.581163 0.084473 0.247396
0 0.446289 0.524306 0.063477 0.225694
0 0.587402 0.612413 0.074219 0.287326
0 0.960938 0.571615 0.061523 0.132812
0 0.635742 0.421875 0.047852 0.152778
0 0.562500 0.515625 0.057617 0.218750
0 0.598633 0.444444 0.036133 0.125000
0 0.570068 0.388021 0.033691 0.069444
0 0.451172 0.397569 0.048828 0.059028
0 0.520508 0.401910 0.023438 0.126736
0 0.505615 0.376736 0.025879 0.114583
0 0.380859 0.415799 0.043945 0.147569
0 0.312256 0.395833 0.036621 0.052083
0 0.315918 0.506510 0.064453 0.195312
0 0.290039 0.400608 0.028320 0.127604
