0 0.355469 0.213108 0.038086 0.085938
0 0.357422 0.286892 0.030273 0.089410
0 0.352051 0.334201 0.031250 0.092014
0 0.341553 0.388021 0.037598 0.090278
0 0.341797 0.445312 0.040039 0.085069
0 0.331787 0.524306 0.041504 0.093750
0 0.326416 0.591146 0.044434 0.088542
0 0.323242 0.687066 0.041992 0.084201
0 0.583252 0.221354 0.046387 0.092014
0 0.584961 0.278212 0.038086 0.087674
0 0.591797 0.330295 0.037109 0.085938
0 0.591309 0.395833 0.035156 0.097222
0 0.598389 0.440972 0.026855 0.086806
0 0.607422 0.512153 0.033203 0.090278
0 0.614746 0.591580 0.037109 0.101562
0 0.623535 0.674045 0.039062 0.099826
